image: krunolab3.pgm
resolution: 0.068000
origin: [-25.024000, -25.024000, 0.000000]
negate: 0
occupied_thresh: 0.65
free_thresh: 0.196

